-0.0173538670198034,-0.0178530182908465,-0.017472604731131
0.0165857185280307,0.0166942464584998,0.0166922782453056
0.000956289020229721,0.000912273071781655,0.000961509070364386
-0.000925199621798475,-0.00142873114993465,-0.000940540922850393
-0.00295471445568651,-0.00342128621625667,-0.00298222223609154
-0.0343779109657155,-0.0350614142292006,-0.0346077981904521
-0.0147093798485727,-0.015236856971242,-0.0148118329352079
-0.0326287351917019,-0.0333647069042482,-0.0328485797413343
-0.00276030007409567,-0.00320053470937753,-0.00278616264618901
-0.0464381947499864,-0.0471604799649143,-0.0467449114162546
0.0423533813624268,0.0428143043802238,0.0426285357524636
-0.00398392961625049,-0.00437671897254403,-0.00401649732446601
0.0247067674632386,0.0245965162210943,0.0248594217526548
0.00350471080783486,0.0032291974766081,0.0035215426365907
-0.0255298845181328,-0.0263214667131559,-0.0257057358675907
0.00956466542411783,0.00958665363260717,0.00962547557015423
-0.0148075066036139,-0.0156574951323536,-0.0149166106619373
0.00470309371138669,0.00463928764163931,0.00473142441728089
-0.00107693975599534,-0.00109665419432218,-0.00108392272111087
0.0334806271334419,0.033713248070052,0.0336959227326816
0.0399127103829608,0.0402919529020856,0.0401707510115098
-0.0448613119856056,-0.0455162336990527,-0.0451570267557375
0.0111836517770257,0.0112455212513742,0.0112554755813612
0.035048749102441,0.0352730258636768,0.0352732402266688
0.0202462972381857,0.0203357735165621,0.0203755216515072
0.0194444579979029,0.019637949335366,0.019570835223958
0.00976641273510837,0.00932859665030176,0.00981979323758229
-0.0261434533200242,-0.0270674325852376,-0.0263254438982234
-0.00174436359091263,-0.00178089698211314,-0.00175569470114549
-0.027550704299074,-0.0281935407645206,-0.0277367335740308
-0.00479500420002991,-0.00493883006403021,-0.00482787508341698
0.00342983872807133,0.00320891181200074,0.00344738369640775
-0.00565970948614396,-0.00583905559810938,-0.00569895155271638
-0.0412307511114091,-0.0418756440917131,-0.041502544280374
-0.0001111110155304,-0.000820281599104892,-0.000124843128121971
0.0167149908716523,0.0165584907563689,0.0168172228823574
-0.0264268998521736,-0.0270751717435946,-0.0266057801506346
0.0326586365692441,0.0326009542788768,0.032862632374398
0.0231411728789359,0.0231265305659509,0.0232863160464108
0.005482970817868,0.00516296212741348,0.00551149950467676
-0.00716067047906381,-0.00749466848216892,-0.00721211875629049
-0.00955248766976382,-0.0101004079015579,-0.00962295115456318
0.0144089855678253,0.0145218971985062,0.0145019678185633
0.0174677216687191,0.0175968890684476,0.0175803901173989
0.00908600460425741,0.00900657124951154,0.0091417917468655
-0.0158020309316547,-0.0162286776823678,-0.0159098341453748
0.00845906427762095,0.0082580242062192,0.00850844747857871
-0.0388435202189034,-0.0396978407512813,-0.0391049297582997
-0.00568643314189323,-0.00578304770281631,-0.0057240780394757
0.00506031866675046,0.00493914955645776,0.00508991245144958
0.0260547751794506,0.0263794979437616,0.0262254788309995
-0.00507050196159943,-0.00546332369241605,-0.00510979157929595
-0.00628597439654151,-0.00645861816529651,-0.00632887744849864
0.0151811563501179,0.0150317151578863,0.015273719788603
0.00240617046874198,0.0018162234331874,0.00241030779012063
0.000722124716975732,0.000721416201665104,0.000726875873054311
-0.0187490835281824,-0.0190598832984864,-0.0188731135585783
0.000352991814613605,0.000314170840692999,0.000354664486412008
-0.00377537261027161,-0.00421194568740872,-0.00380735445177235
0.0179065402057288,0.0179067581112666,0.0180192196345055
0.035623300758915,0.0359703992225723,0.035854354401893
0.00645942794649758,0.0065365217978209,0.00650171251963781
-0.0241886932777734,-0.0247275035799324,-0.0243514873229618
-0.0157610987251528,-0.0161618856689426,-0.0158678632961058
0.0361683463065029,0.0363026983478373,0.036397933449356
-0.0291617841223261,-0.0296996413367521,-0.0293558802626213
-0.00874778971989863,-0.00903995030333789,-0.00880850840748669
-0.00690230881322673,-0.00718363742076922,-0.00695129008125204
-0.00747851095391011,-0.00758145208397335,-0.00752747755632791
0.047876421666312,0.0485133291364421,0.04819003788263
0.00316793606462464,0.00305747450993129,0.00318569993832944
0.000282911091143963,0.000212199848056279,0.000283631614347435
-0.0041286124678661,-0.00440392415854577,-0.00415986887449401
0.0354165298404024,0.0358081701442147,0.0356464496181698
-0.0169991539685247,-0.0176476381857389,-0.0171183404054577
0.0318500753758065,0.0322296109818534,0.0320582236464658
-5.48246526912285e-05,-5.94800815340394e-05,-5.50077922613449e-05
-0.0108821794580955,-0.0112112224060278,-0.0109571710422169
0.00524409103133455,0.00469615030868642,0.00526673019062264
-0.00462346995018059,-0.00484830755207444,-0.00465675688631665
0.0232044579012538,0.0232463426055853,0.0233514327123344
-0.0047133870662682,-0.00491274274796257,-0.00474682080959254
0.00187992575749742,0.00184678041706765,0.00189111781006221
0.0165614023113655,0.0167054272478896,0.0166685339044601
0.0187626052934278,0.0185026712359588,0.0188757485759258
0.0326853110225386,0.0325973788323319,0.0328887679812323
0.028941575403981,0.0288635149572121,0.0291220524489535
-0.0010086666733649,-0.00105351101470326,-0.00101575438190462
-0.000729624078404592,-0.000941311590004323,-0.000738199225448
0.00249497435675377,0.00242450654827486,0.00250920043266666
0.00855962556359605,0.00857031595250257,0.00861378620580719
-0.0439398492153221,-0.0448276131687482,-0.0442340220256733
-0.0230115443701621,-0.0234622105076895,-0.0231649415491738
0.0222474768513173,0.0221256881031383,0.0223851009160163
-0.014402478961336,-0.0151621752310578,-0.0145073132445869
-0.00441622831394538,-0.00452470934934686,-0.00444602854648905
-0.043563943306053,-0.0442542085913677,-0.0438521138850095
-0.00328755606512245,-0.00334620981772001,-0.00330915352418456
0.0153184961587733,0.0150525413228932,0.0154096672246588
0.0301943480212496,0.0303314522676754,0.0303866115665375
